
#################################################################
# Summary Statistics
#################################################################

DIC = 2453.434

                             Mean    SD  2.5%    5%   25%   50%   75%   95% 97.5%
Epsilon.1                   0.368 0.088 0.231 0.248 0.307 0.356 0.414 0.530 0.577
Epsilon.2                   0.632 0.119 0.431 0.454 0.549 0.624 0.706 0.839 0.892
p.LC1.Tillering.Detritivore 0.320 0.135 0.055 0.092 0.227 0.318 0.408 0.543 0.587
p.LC1.Tillering.Rice.herb   0.460 0.131 0.189 0.229 0.373 0.469 0.550 0.661 0.697
p.LC1.Tillering.Tour.herb   0.221 0.164 0.007 0.018 0.097 0.178 0.313 0.545 0.621
p.LC1.Flowering.Detritivore 0.129 0.081 0.020 0.028 0.069 0.112 0.171 0.289 0.332
p.LC1.Flowering.Rice.herb   0.759 0.139 0.344 0.468 0.708 0.790 0.852 0.913 0.929
p.LC1.Flowering.Tour.herb   0.112 0.108 0.005 0.009 0.039 0.077 0.149 0.336 0.414
p.LC1.Ripening.Detritivore  0.021 0.022 0.002 0.002 0.007 0.014 0.028 0.063 0.082
p.LC1.Ripening.Rice.herb    0.920 0.166 0.256 0.467 0.941 0.966 0.982 0.993 0.995
p.LC1.Ripening.Tour.herb    0.059 0.157 0.001 0.001 0.006 0.014 0.031 0.470 0.677
p.LC2.Tillering.Detritivore 0.380 0.220 0.028 0.051 0.199 0.371 0.547 0.754 0.808
p.LC2.Tillering.Rice.herb   0.399 0.197 0.072 0.105 0.250 0.383 0.529 0.765 0.815
p.LC2.Tillering.Tour.herb   0.221 0.195 0.003 0.009 0.067 0.169 0.325 0.621 0.725
p.LC2.Ripening.Detritivore  0.036 0.046 0.001 0.002 0.007 0.019 0.045 0.132 0.170
p.LC2.Ripening.Rice.herb    0.897 0.176 0.202 0.492 0.903 0.956 0.980 0.994 0.996
p.LC2.Ripening.Tour.herb    0.067 0.163 0.000 0.001 0.005 0.015 0.043 0.418 0.718
p.LC3.Tillering.Detritivore 0.160 0.102 0.014 0.023 0.079 0.145 0.227 0.347 0.386
p.LC3.Tillering.Rice.herb   0.701 0.147 0.314 0.441 0.630 0.717 0.798 0.906 0.931
p.LC3.Tillering.Tour.herb   0.139 0.125 0.003 0.006 0.044 0.106 0.197 0.390 0.472
p.LC3.Flowering.Detritivore 0.049 0.043 0.004 0.006 0.018 0.036 0.066 0.133 0.161
p.LC3.Flowering.Rice.herb   0.873 0.173 0.203 0.411 0.877 0.922 0.954 0.980 0.986
p.LC3.Flowering.Tour.herb   0.078 0.159 0.001 0.002 0.012 0.028 0.062 0.513 0.722
p.LC3.Ripening.Detritivore  0.007 0.009 0.000 0.000 0.002 0.004 0.009 0.025 0.032
p.LC3.Ripening.Rice.herb    0.933 0.202 0.105 0.280 0.978 0.989 0.995 0.998 0.999
p.LC3.Ripening.Tour.herb    0.060 0.200 0.000 0.000 0.001 0.004 0.011 0.701 0.881
p.LO1.Seedling.Detritivore  0.302 0.184 0.019 0.038 0.159 0.280 0.423 0.645 0.704
p.LO1.Seedling.Rice.herb    0.518 0.184 0.151 0.216 0.389 0.517 0.651 0.823 0.869
p.LO1.Seedling.Tour.herb    0.180 0.166 0.003 0.006 0.045 0.135 0.269 0.508 0.602
p.LO1.Tillering.Detritivore 0.321 0.161 0.037 0.068 0.203 0.310 0.426 0.606 0.655
p.LO1.Tillering.Rice.herb   0.424 0.139 0.168 0.205 0.331 0.418 0.517 0.662 0.708
p.LO1.Tillering.Tour.herb   0.256 0.177 0.005 0.013 0.111 0.235 0.375 0.580 0.632
p.LO1.Flowering.Detritivore 0.138 0.096 0.014 0.022 0.064 0.116 0.188 0.320 0.375
p.LO1.Flowering.Rice.herb   0.729 0.143 0.350 0.460 0.661 0.755 0.831 0.905 0.925
p.LO1.Flowering.Tour.herb   0.133 0.123 0.004 0.010 0.045 0.098 0.183 0.379 0.460
p.LO1.Ripening.Detritivore  0.024 0.028 0.001 0.002 0.007 0.016 0.032 0.078 0.098
p.LO1.Ripening.Rice.herb    0.913 0.156 0.241 0.699 0.921 0.958 0.979 0.992 0.994
p.LO1.Ripening.Tour.herb    0.062 0.148 0.001 0.001 0.006 0.017 0.047 0.274 0.696
p.LO2.Tillering.Detritivore 0.316 0.176 0.020 0.040 0.182 0.312 0.440 0.620 0.665
p.LO2.Tillering.Rice.herb   0.433 0.169 0.127 0.167 0.310 0.429 0.547 0.722 0.776
p.LO2.Tillering.Tour.herb   0.252 0.217 0.003 0.008 0.060 0.186 0.415 0.652 0.727
p.LO2.Flowering.Detritivore 0.136 0.103 0.008 0.015 0.056 0.112 0.190 0.342 0.400
p.LO2.Flowering.Rice.herb   0.730 0.169 0.293 0.396 0.650 0.768 0.851 0.935 0.956
p.LO2.Flowering.Tour.herb   0.135 0.142 0.002 0.004 0.027 0.086 0.199 0.428 0.519
p.LO2.Ripening.Detritivore  0.024 0.029 0.001 0.001 0.006 0.014 0.031 0.080 0.107
p.LO2.Ripening.Rice.herb    0.911 0.170 0.237 0.474 0.926 0.964 0.981 0.994 0.996
p.LO2.Ripening.Tour.herb    0.065 0.159 0.000 0.001 0.004 0.015 0.040 0.455 0.700
p.LO3.Tillering.Detritivore 0.263 0.164 0.015 0.029 0.122 0.254 0.385 0.537 0.587
p.LO3.Tillering.Rice.herb   0.476 0.218 0.071 0.106 0.297 0.508 0.632 0.817 0.870
p.LO3.Tillering.Tour.herb   0.261 0.271 0.003 0.007 0.036 0.115 0.511 0.760 0.819
p.LO3.Ripening.Detritivore  0.019 0.025 0.001 0.001 0.004 0.011 0.025 0.065 0.087
p.LO3.Ripening.Rice.herb    0.913 0.176 0.207 0.451 0.932 0.971 0.987 0.996 0.997
p.LO3.Ripening.Tour.herb    0.068 0.167 0.000 0.000 0.003 0.011 0.043 0.493 0.736
p.MC1.Tillering.Detritivore 0.122 0.100 0.009 0.015 0.048 0.096 0.168 0.320 0.387
p.MC1.Tillering.Rice.herb   0.767 0.158 0.287 0.482 0.707 0.800 0.870 0.943 0.957
p.MC1.Tillering.Tour.herb   0.111 0.130 0.002 0.005 0.029 0.070 0.143 0.359 0.515
p.MC1.Flowering.Detritivore 0.036 0.037 0.002 0.003 0.011 0.024 0.047 0.114 0.142
p.MC1.Flowering.Rice.herb   0.902 0.154 0.287 0.636 0.905 0.947 0.970 0.989 0.992
p.MC1.Flowering.Tour.herb   0.062 0.141 0.001 0.001 0.008 0.019 0.046 0.316 0.648
p.MC1.Ripening.Detritivore  0.005 0.009 0.000 0.000 0.001 0.003 0.006 0.020 0.027
p.MC1.Ripening.Rice.herb    0.946 0.173 0.205 0.551 0.983 0.993 0.997 0.999 0.999
p.MC1.Ripening.Tour.herb    0.048 0.170 0.000 0.000 0.001 0.003 0.009 0.426 0.778
p.MC2.Seedling.Detritivore  0.126 0.128 0.005 0.008 0.035 0.084 0.175 0.376 0.467
p.MC2.Seedling.Rice.herb    0.780 0.185 0.261 0.398 0.700 0.833 0.915 0.974 0.982
p.MC2.Seedling.Tour.herb    0.094 0.136 0.001 0.002 0.013 0.041 0.115 0.393 0.498
p.MC2.Tillering.Detritivore 0.143 0.127 0.011 0.017 0.054 0.105 0.191 0.409 0.507
p.MC2.Tillering.Rice.herb   0.733 0.171 0.285 0.392 0.655 0.766 0.855 0.938 0.957
p.MC2.Tillering.Tour.herb   0.124 0.128 0.003 0.006 0.036 0.084 0.172 0.369 0.502
p.MC2.Flowering.Detritivore 0.047 0.058 0.002 0.003 0.012 0.027 0.059 0.155 0.212
p.MC2.Flowering.Rice.herb   0.887 0.151 0.361 0.591 0.877 0.935 0.966 0.988 0.992
p.MC2.Flowering.Tour.herb   0.066 0.129 0.001 0.002 0.009 0.024 0.060 0.300 0.549
p.MC2.Ripening.Detritivore  0.007 0.014 0.000 0.000 0.001 0.003 0.008 0.028 0.043
p.MC2.Ripening.Rice.herb    0.944 0.169 0.238 0.581 0.979 0.991 0.996 0.999 0.999
p.MC2.Ripening.Tour.herb    0.049 0.166 0.000 0.000 0.001 0.003 0.011 0.390 0.743
p.MC3.Tillering.Detritivore 0.406 0.214 0.032 0.061 0.243 0.396 0.563 0.774 0.826
p.MC3.Tillering.Rice.herb   0.331 0.163 0.068 0.097 0.214 0.311 0.428 0.635 0.701
p.MC3.Tillering.Tour.herb   0.263 0.197 0.005 0.011 0.096 0.234 0.393 0.628 0.703
p.MC3.Flowering.Detritivore 0.210 0.160 0.015 0.022 0.089 0.169 0.291 0.539 0.606
p.MC3.Flowering.Rice.herb   0.634 0.188 0.198 0.282 0.514 0.661 0.777 0.893 0.924
p.MC3.Flowering.Tour.herb   0.156 0.142 0.004 0.008 0.049 0.116 0.219 0.443 0.532
p.MC3.Ripening.Detritivore  0.047 0.060 0.001 0.002 0.010 0.024 0.059 0.166 0.218
p.MC3.Ripening.Rice.herb    0.878 0.169 0.278 0.505 0.866 0.935 0.971 0.991 0.993
p.MC3.Ripening.Tour.herb    0.076 0.150 0.001 0.001 0.008 0.023 0.063 0.390 0.607
p.MO1.Tillering.Detritivore 0.545 0.261 0.031 0.071 0.341 0.592 0.766 0.899 0.922
p.MO1.Tillering.Rice.herb   0.230 0.177 0.031 0.042 0.102 0.177 0.301 0.611 0.719
p.MO1.Tillering.Tour.herb   0.225 0.224 0.003 0.007 0.049 0.145 0.339 0.724 0.814
p.MO1.Flowering.Detritivore 0.353 0.219 0.012 0.025 0.150 0.367 0.527 0.696 0.742
p.MO1.Flowering.Rice.herb   0.490 0.214 0.136 0.182 0.334 0.461 0.627 0.890 0.926
p.MO1.Flowering.Tour.herb   0.157 0.163 0.003 0.006 0.035 0.100 0.224 0.502 0.597
p.MO1.Ripening.Detritivore  0.088 0.085 0.002 0.003 0.022 0.063 0.130 0.261 0.306
p.MO1.Ripening.Rice.herb    0.832 0.175 0.237 0.481 0.788 0.881 0.943 0.986 0.992
p.MO1.Ripening.Tour.herb    0.079 0.144 0.001 0.001 0.008 0.027 0.078 0.363 0.592
p.MO2.Tillering.Detritivore 0.175 0.139 0.012 0.019 0.072 0.143 0.241 0.425 0.504
p.MO2.Tillering.Rice.herb   0.377 0.265 0.042 0.061 0.162 0.284 0.603 0.866 0.913
p.MO2.Tillering.Tour.herb   0.448 0.298 0.003 0.007 0.107 0.529 0.697 0.861 0.893
p.MO2.Flowering.Detritivore 0.090 0.088 0.005 0.008 0.030 0.062 0.121 0.263 0.333
p.MO2.Flowering.Rice.herb   0.642 0.225 0.165 0.230 0.489 0.658 0.829 0.959 0.977
p.MO2.Flowering.Tour.herb   0.268 0.218 0.002 0.005 0.075 0.232 0.414 0.688 0.756
p.MO3.Tillering.Detritivore 0.406 0.247 0.026 0.052 0.206 0.377 0.585 0.845 0.890
p.MO3.Tillering.Rice.herb   0.240 0.167 0.037 0.051 0.118 0.196 0.319 0.583 0.695
p.MO3.Tillering.Tour.herb   0.354 0.250 0.003 0.009 0.122 0.348 0.543 0.782 0.834
p.MO3.Flowering.Detritivore 0.250 0.194 0.013 0.022 0.096 0.199 0.374 0.639 0.713
p.MO3.Flowering.Rice.herb   0.518 0.204 0.126 0.179 0.371 0.517 0.670 0.857 0.900
p.MO3.Flowering.Tour.herb   0.231 0.180 0.004 0.009 0.084 0.194 0.345 0.572 0.651
p.SC1.Tillering.Detritivore 0.307 0.173 0.026 0.046 0.170 0.294 0.432 0.610 0.660
p.SC1.Tillering.Rice.herb   0.475 0.157 0.175 0.226 0.368 0.471 0.579 0.743 0.799
p.SC1.Tillering.Tour.herb   0.218 0.167 0.003 0.011 0.080 0.185 0.323 0.532 0.602
p.SC1.Flowering.Detritivore 0.126 0.096 0.008 0.013 0.051 0.105 0.183 0.314 0.366
p.SC1.Flowering.Rice.herb   0.758 0.150 0.363 0.474 0.686 0.784 0.866 0.944 0.960
p.SC1.Flowering.Tour.herb   0.115 0.118 0.003 0.005 0.029 0.075 0.162 0.365 0.433
p.SC1.Ripening.Detritivore  0.022 0.026 0.001 0.001 0.005 0.013 0.028 0.072 0.098
p.SC1.Ripening.Rice.herb    0.918 0.163 0.267 0.511 0.933 0.968 0.984 0.995 0.997
p.SC1.Ripening.Tour.herb    0.060 0.154 0.000 0.001 0.004 0.012 0.035 0.428 0.679
p.SO1.Seedling.Detritivore  0.593 0.222 0.018 0.063 0.497 0.637 0.753 0.874 0.903
p.SO1.Seedling.Rice.herb    0.312 0.181 0.039 0.062 0.190 0.287 0.403 0.648 0.795
p.SO1.Seedling.Tour.herb    0.094 0.165 0.001 0.001 0.008 0.029 0.092 0.481 0.680
p.SO1.Tillering.Detritivore 0.657 0.225 0.013 0.033 0.629 0.720 0.789 0.873 0.895
p.SO1.Tillering.Rice.herb   0.232 0.144 0.044 0.063 0.144 0.211 0.284 0.434 0.671
p.SO1.Tillering.Tour.herb   0.111 0.206 0.002 0.004 0.020 0.044 0.089 0.767 0.854
p.SO1.Flowering.Detritivore 0.358 0.171 0.021 0.044 0.248 0.357 0.470 0.642 0.700
p.SO1.Flowering.Rice.herb   0.553 0.193 0.070 0.134 0.454 0.583 0.681 0.816 0.885
p.SO1.Flowering.Tour.herb   0.090 0.155 0.002 0.003 0.011 0.028 0.070 0.491 0.598
p.SO1.Ripening.Detritivore  0.080 0.071 0.002 0.005 0.026 0.059 0.114 0.226 0.266
p.SO1.Ripening.Rice.herb    0.852 0.211 0.059 0.171 0.849 0.919 0.959 0.987 0.992
p.SO1.Ripening.Tour.herb    0.068 0.193 0.000 0.000 0.002 0.007 0.021 0.681 0.823
